 # Nelup  #Nel  # Ion 
           1           2           2
 # Shell Det.   # Shell Jas. 
          21          21
 # Jas 2body  # Det   #  3 body atomic par.  
         -15         140          20
 # Det mat. =/0  # Jas mat. =/0  
         463         267
  # Eq. Det atomic par.  # Eq. 3 body atomic. par.
          10          10
 # unconstrained iesfree,iessw,ieskinr,I/O flag 
         106         191           1           0
 # Ion coordinates 
   1.00000000000000        1.00000000000000       0.000000000000000E+000
  0.000000000000000E+000 -0.708647296734660     
   1.00000000000000        1.00000000000000       0.000000000000000E+000
  0.000000000000000E+000  0.708647296734660     
 #  Constraints for forces: ion - coordinate
           2           1           3          -2           3
 #          Parameters Jastrow two body
           2  0.309367658812080       0.276625281608603     
 #          Parameters atomic wf
           1           1          16
           1   2.82400000000000     
           1           1          16
           1  0.797700000000000     
           1           1          16
           1  0.258100000000000     
           1           1          16
           1  8.989000000000000E-002
           3           1          36
           1   2.29200000000000     
           3           1          36
           1  0.838000000000000     
           3           1          36
           1  0.292000000000000     
           5           1          68
           1   2.06200000000000     
           5           1          68
           1  0.662000000000000     
           7           1          48
           1   1.39700000000000     
           1           1          16
           2   2.82400000000000     
           1           1          16
           2  0.797700000000000     
           1           1          16
           2  0.258100000000000     
           1           1          16
           2  8.989000000000000E-002
           3           1          36
           2   2.29200000000000     
           3           1          36
           2  0.838000000000000     
           3           1          36
           2  0.292000000000000     
           5           1          68
           2   2.06200000000000     
           5           1          68
           2  0.662000000000000     
           7           1          48
           2   1.39700000000000     
           1         120     1000000
           1           1           2           3           4           5
           6           7           8           9          10          11
          12          13          14          15          16          17
          18          19          20          21          22          23
          24          25          26          27          28          29
          30          31          32          33          34          35
          36          37          38          39          40          41
          42          43          44          45          46          47
          48          49          50          51          52          53
          54          55          56          57          58          59
          60 -5.907716837055130E-003 -3.853873055261430E-002
 -0.602278208813923      -0.440809677062556       9.489642133907310E-016
 -1.079225264110030E-015  7.263484850081840E-003 -4.833967508637320E-015
  3.581987626197190E-015  2.763091919734500E-002  7.117310771141640E-015
 -4.173088161888780E-015  3.946801820767740E-003  2.720081606819550E-003
 -6.836968353962820E-016  5.532799400414210E-017  2.302681982301080E-016
 -4.805093966727890E-016 -1.254882688374380E-003  2.992276066105310E-016
 -1.721182708063820E-015  1.039894656201830E-015 -1.709181199516810E-015
 -6.196475871332790E-004 -1.583003900883660E-015  8.472014638487560E-016
 -2.208310681473100E-016 -7.003506777017600E-016  7.782630632613379E-018
 -2.180752541671690E-016 -5.907716837057310E-003 -3.853873055259450E-002
 -0.602278208814345      -0.440809677062662      -1.844937041077800E-017
 -4.240090283334130E-016 -7.263484850081410E-003  2.813727804943310E-015
 -5.797063171035490E-016 -2.763091919736640E-002 -3.072649667157870E-015
  2.952588353391480E-015 -3.946801820577790E-003  2.720081606823200E-003
 -1.466783142720240E-016 -8.235315867386970E-017  3.795219013261720E-016
 -6.107507845617490E-016 -1.254882688380220E-003  3.328084163180060E-016
  1.673223565261960E-015  7.217193645837550E-016 -1.591074901668950E-016
  6.196475871303870E-004  5.581373603611690E-016 -7.488869659776170E-016
 -4.705888972737670E-016 -2.770779254129110E-016  3.906212067788070E-016
  1.071102741847310E-016
 #  Parameters atomic Jastrow wf 
           1           1          16
           1   2.82400000000000     
           1           1          16
           1  0.797700000000000     
           1           1          16
           1  0.258100000000000     
           1           1          16
           1  8.989000000000000E-002
           3           1          36
           1   2.29200000000000     
           3           1          36
           1  0.838000000000000     
           3           1          36
           1  0.292000000000000     
           5           1          68
           1   2.06200000000000     
           5           1          68
           1  0.662000000000000     
           7           1          48
           1   1.39700000000000     
           1           1          16
           2   2.82400000000000     
           1           1          16
           2  0.797700000000000     
           1           1          16
           2  0.258100000000000     
           1           1          16
           2  8.989000000000000E-002
           3           1          36
           2   2.29200000000000     
           3           1          36
           2  0.838000000000000     
           3           1          36
           2  0.292000000000000     
           5           1          68
           2   2.06200000000000     
           5           1          68
           2  0.662000000000000     
           7           1          48
           2   1.39700000000000     
           1           0         200
           1
 #  Occupation atomic orbitals  
           1
           1
           1
           1
           1
           1
           1
           1
           1
           1
           1
           1
           1
           1
           1
           1
           1
           1
           1
           1
           1
           1
           1
           1
           1
           1
           1
           1
           1
           1
           1
           1
           1
           1
           1
           1
           1
           1
           1
           1
           1
           1
           1
           1
           1
           1
           1
           1
           1
           1
           1
           1
           1
           1
           1
           1
           1
           1
           1
           1
           1
 #  Occupation atomic orbitals  Jastrow  
           1
           1
           1
           1
           1
           1
           1
           1
           1
           1
           1
           1
           1
           1
           1
           1
           1
           1
           1
           1
           1
           1
           1
           1
           1
           1
           1
           1
           1
           1
           1
           1
           1
           1
           1
           1
           1
           1
           1
           1
           1
           1
           1
           1
           1
           1
           1
           1
           1
           1
           1
           1
           1
           1
           1
           1
           1
           1
           1
           1
           1
  #          Nonzero values of  detmat 
           1           1  0.000000000000000E+000
           1           2  0.000000000000000E+000
           1           3  0.000000000000000E+000
           1           4  0.000000000000000E+000
           1           7  0.000000000000000E+000
           1          10  0.000000000000000E+000
           1          13  0.000000000000000E+000
           1          14  0.000000000000000E+000
           1          19  0.000000000000000E+000
           1          24  0.000000000000000E+000
           1          31  0.000000000000000E+000
           1          32  0.000000000000000E+000
           1          33  0.000000000000000E+000
           1          34  0.000000000000000E+000
           1          37  0.000000000000000E+000
           1          40  0.000000000000000E+000
           1          43  0.000000000000000E+000
           1          44  0.000000000000000E+000
           1          49  0.000000000000000E+000
           1          54  0.000000000000000E+000
           2           2  0.000000000000000E+000
           2           3  0.000000000000000E+000
           2           4  0.000000000000000E+000
           2           7  0.000000000000000E+000
           2          10  0.000000000000000E+000
           2          13  0.000000000000000E+000
           2          14  0.000000000000000E+000
           2          19  0.000000000000000E+000
           2          24  0.000000000000000E+000
           2          32  0.000000000000000E+000
           2          33  0.000000000000000E+000
           2          34  0.000000000000000E+000
           2          37  0.000000000000000E+000
           2          40  0.000000000000000E+000
           2          43  0.000000000000000E+000
           2          44  0.000000000000000E+000
           2          49  0.000000000000000E+000
           2          54  0.000000000000000E+000
           3           3  0.000000000000000E+000
           3           4  0.000000000000000E+000
           3           7  0.000000000000000E+000
           3          10  0.000000000000000E+000
           3          13  0.000000000000000E+000
           3          14  0.000000000000000E+000
           3          19  0.000000000000000E+000
           3          24  0.000000000000000E+000
           3          33  0.000000000000000E+000
           3          34  0.000000000000000E+000
           3          37  0.000000000000000E+000
           3          40  0.000000000000000E+000
           3          43  0.000000000000000E+000
           3          44  0.000000000000000E+000
           3          49  0.000000000000000E+000
           3          54  0.000000000000000E+000
           4           4  0.000000000000000E+000
           4           7  0.000000000000000E+000
           4          10  0.000000000000000E+000
           4          13  0.000000000000000E+000
           4          14  0.000000000000000E+000
           4          19  0.000000000000000E+000
           4          24  0.000000000000000E+000
           4          34  0.000000000000000E+000
           4          37  0.000000000000000E+000
           4          40  0.000000000000000E+000
           4          43  0.000000000000000E+000
           4          44  0.000000000000000E+000
           4          49  0.000000000000000E+000
           4          54  0.000000000000000E+000
           5           5  0.000000000000000E+000
           5           8  0.000000000000000E+000
           5          11  0.000000000000000E+000
           5          18  0.000000000000000E+000
           5          23  0.000000000000000E+000
           5          25  0.000000000000000E+000
           5          29  0.000000000000000E+000
           5          35  0.000000000000000E+000
           5          38  0.000000000000000E+000
           5          41  0.000000000000000E+000
           5          48  0.000000000000000E+000
           5          53  0.000000000000000E+000
           5          55  0.000000000000000E+000
           5          59  0.000000000000000E+000
           6           6  0.000000000000000E+000
           6           9  0.000000000000000E+000
           6          12  0.000000000000000E+000
           6          17  0.000000000000000E+000
           6          22  0.000000000000000E+000
           6          26  0.000000000000000E+000
           6          30  0.000000000000000E+000
           6          39  0.000000000000000E+000
           6          42  0.000000000000000E+000
           6          47  0.000000000000000E+000
           6          52  0.000000000000000E+000
           6          56  0.000000000000000E+000
           6          60  0.000000000000000E+000
           7           7  0.000000000000000E+000
           7          10  0.000000000000000E+000
           7          13  0.000000000000000E+000
           7          14  0.000000000000000E+000
           7          19  0.000000000000000E+000
           7          24  0.000000000000000E+000
           7          37  0.000000000000000E+000
           7          40  0.000000000000000E+000
           7          43  0.000000000000000E+000
           7          44  0.000000000000000E+000
           7          49  0.000000000000000E+000
           7          54  0.000000000000000E+000
           8           8  0.000000000000000E+000
           8          11  0.000000000000000E+000
           8          18  0.000000000000000E+000
           8          23  0.000000000000000E+000
           8          25  0.000000000000000E+000
           8          29  0.000000000000000E+000
           8          38  0.000000000000000E+000
           8          41  0.000000000000000E+000
           8          48  0.000000000000000E+000
           8          53  0.000000000000000E+000
           8          55  0.000000000000000E+000
           8          59  0.000000000000000E+000
           9           9  0.000000000000000E+000
           9          12  0.000000000000000E+000
           9          17  0.000000000000000E+000
           9          22  0.000000000000000E+000
           9          26  0.000000000000000E+000
           9          30  0.000000000000000E+000
           9          42  0.000000000000000E+000
           9          47  0.000000000000000E+000
           9          52  0.000000000000000E+000
           9          56  0.000000000000000E+000
           9          60  0.000000000000000E+000
          10          10  0.000000000000000E+000
          10          13  0.000000000000000E+000
          10          14  0.000000000000000E+000
          10          19  0.000000000000000E+000
          10          24  0.000000000000000E+000
          10          40  0.000000000000000E+000
          10          43  0.000000000000000E+000
          10          44  0.000000000000000E+000
          10          49  0.000000000000000E+000
          10          54  0.000000000000000E+000
          11          11  0.000000000000000E+000
          11          18  0.000000000000000E+000
          11          23  0.000000000000000E+000
          11          25  0.000000000000000E+000
          11          29  0.000000000000000E+000
          11          41  0.000000000000000E+000
          11          48  0.000000000000000E+000
          11          53  0.000000000000000E+000
          11          55  0.000000000000000E+000
          11          59  0.000000000000000E+000
          12          12  0.000000000000000E+000
          12          17  0.000000000000000E+000
          12          22  0.000000000000000E+000
          12          26  0.000000000000000E+000
          12          30  0.000000000000000E+000
          12          47  0.000000000000000E+000
          12          52  0.000000000000000E+000
          12          56  0.000000000000000E+000
          12          60  0.000000000000000E+000
          13          13  0.000000000000000E+000
          13          14  0.000000000000000E+000
          13          19  0.000000000000000E+000
          13          24  0.000000000000000E+000
          13          43  0.000000000000000E+000
          13          44  0.000000000000000E+000
          13          49  0.000000000000000E+000
          13          54  0.000000000000000E+000
          14          14  0.000000000000000E+000
          14          19  0.000000000000000E+000
          14          24  0.000000000000000E+000
          14          44  0.000000000000000E+000
          14          49  0.000000000000000E+000
          14          54  0.000000000000000E+000
          15          15  0.000000000000000E+000
          15          20  0.000000000000000E+000
          15          27  0.000000000000000E+000
          15          45  0.000000000000000E+000
          15          50  0.000000000000000E+000
          15          57  0.000000000000000E+000
          16          16  0.000000000000000E+000
          16          21  0.000000000000000E+000
          16          28  0.000000000000000E+000
          16          46  0.000000000000000E+000
          16          51  0.000000000000000E+000
          16          58  0.000000000000000E+000
          17          17  0.000000000000000E+000
          17          22  0.000000000000000E+000
          17          26  0.000000000000000E+000
          17          30  0.000000000000000E+000
          17          47  0.000000000000000E+000
          17          52  0.000000000000000E+000
          17          56  0.000000000000000E+000
          17          60  0.000000000000000E+000
          18          18  0.000000000000000E+000
          18          23  0.000000000000000E+000
          18          25  0.000000000000000E+000
          18          29  0.000000000000000E+000
          18          53  0.000000000000000E+000
          18          55  0.000000000000000E+000
          18          59  0.000000000000000E+000
          19          19  0.000000000000000E+000
          19          24  0.000000000000000E+000
          19          49  0.000000000000000E+000
          19          54  0.000000000000000E+000
          20          20  0.000000000000000E+000
          20          27  0.000000000000000E+000
          20          50  0.000000000000000E+000
          20          57  0.000000000000000E+000
          21          21  0.000000000000000E+000
          21          28  0.000000000000000E+000
          21          51  0.000000000000000E+000
          21          58  0.000000000000000E+000
          22          22  0.000000000000000E+000
          22          26  0.000000000000000E+000
          22          30  0.000000000000000E+000
          22          52  0.000000000000000E+000
          22          56  0.000000000000000E+000
          22          60  0.000000000000000E+000
          23          23  0.000000000000000E+000
          23          25  0.000000000000000E+000
          23          29  0.000000000000000E+000
          23          55  0.000000000000000E+000
          23          59  0.000000000000000E+000
          24          24  0.000000000000000E+000
          24          54  0.000000000000000E+000
          25          25  0.000000000000000E+000
          25          29  0.000000000000000E+000
          25          55  0.000000000000000E+000
          25          59  0.000000000000000E+000
          26          26  0.000000000000000E+000
          26          30  0.000000000000000E+000
          26          60  0.000000000000000E+000
          27          27  0.000000000000000E+000
          27          57  0.000000000000000E+000
          28          28  0.000000000000000E+000
          28          58  0.000000000000000E+000
          29          29  0.000000000000000E+000
          29          59  0.000000000000000E+000
          30          30  0.000000000000000E+000
          31           2  0.000000000000000E+000
          31           3  0.000000000000000E+000
          31           4  0.000000000000000E+000
          31           7  0.000000000000000E+000
          31          10  0.000000000000000E+000
          31          13  0.000000000000000E+000
          31          14  0.000000000000000E+000
          31          19  0.000000000000000E+000
          31          24  0.000000000000000E+000
          31          31  0.000000000000000E+000
          31          32  0.000000000000000E+000
          31          33  0.000000000000000E+000
          31          34  0.000000000000000E+000
          31          37  0.000000000000000E+000
          31          40  0.000000000000000E+000
          31          43  0.000000000000000E+000
          31          44  0.000000000000000E+000
          31          49  0.000000000000000E+000
          31          54  0.000000000000000E+000
          32           3  0.000000000000000E+000
          32           4  0.000000000000000E+000
          32           7  0.000000000000000E+000
          32          10  0.000000000000000E+000
          32          13  0.000000000000000E+000
          32          14  0.000000000000000E+000
          32          19  0.000000000000000E+000
          32          24  0.000000000000000E+000
          32          32  0.000000000000000E+000
          32          33  0.000000000000000E+000
          32          34  0.000000000000000E+000
          32          37  0.000000000000000E+000
          32          40  0.000000000000000E+000
          32          43  0.000000000000000E+000
          32          44  0.000000000000000E+000
          32          49  0.000000000000000E+000
          32          54  0.000000000000000E+000
          33           4  0.000000000000000E+000
          33           7  0.000000000000000E+000
          33          10  0.000000000000000E+000
          33          13  0.000000000000000E+000
          33          14  0.000000000000000E+000
          33          19  0.000000000000000E+000
          33          24  0.000000000000000E+000
          33          33  0.000000000000000E+000
          33          34  0.000000000000000E+000
          33          37  0.000000000000000E+000
          33          40  0.000000000000000E+000
          33          43  0.000000000000000E+000
          33          44  0.000000000000000E+000
          33          49  0.000000000000000E+000
          33          54  0.000000000000000E+000
          34           7  0.000000000000000E+000
          34          10  0.000000000000000E+000
          34          13  0.000000000000000E+000
          34          14  0.000000000000000E+000
          34          19  0.000000000000000E+000
          34          24  0.000000000000000E+000
          34          34  0.000000000000000E+000
          34          37  0.000000000000000E+000
          34          40  0.000000000000000E+000
          34          43  0.000000000000000E+000
          34          44  0.000000000000000E+000
          34          49  0.000000000000000E+000
          34          54  0.000000000000000E+000
          35           8  0.000000000000000E+000
          35          11  0.000000000000000E+000
          35          18  0.000000000000000E+000
          35          23  0.000000000000000E+000
          35          25  0.000000000000000E+000
          35          29  0.000000000000000E+000
          35          35  0.000000000000000E+000
          35          38  0.000000000000000E+000
          35          41  0.000000000000000E+000
          35          48  0.000000000000000E+000
          35          53  0.000000000000000E+000
          35          55  0.000000000000000E+000
          35          59  0.000000000000000E+000
          36           6  0.000000000000000E+000
          36           9  0.000000000000000E+000
          36          12  0.000000000000000E+000
          36          17  0.000000000000000E+000
          36          22  0.000000000000000E+000
          36          26  0.000000000000000E+000
          36          30  0.000000000000000E+000
          36          36  0.000000000000000E+000
          36          39  0.000000000000000E+000
          36          42  0.000000000000000E+000
          36          47  0.000000000000000E+000
          36          52  0.000000000000000E+000
          36          56  0.000000000000000E+000
          36          60  0.000000000000000E+000
          37          10  0.000000000000000E+000
          37          13  0.000000000000000E+000
          37          14  0.000000000000000E+000
          37          19  0.000000000000000E+000
          37          24  0.000000000000000E+000
          37          37  0.000000000000000E+000
          37          40  0.000000000000000E+000
          37          43  0.000000000000000E+000
          37          44  0.000000000000000E+000
          37          49  0.000000000000000E+000
          37          54  0.000000000000000E+000
          38          11  0.000000000000000E+000
          38          18  0.000000000000000E+000
          38          23  0.000000000000000E+000
          38          25  0.000000000000000E+000
          38          29  0.000000000000000E+000
          38          38  0.000000000000000E+000
          38          41  0.000000000000000E+000
          38          48  0.000000000000000E+000
          38          53  0.000000000000000E+000
          38          55  0.000000000000000E+000
          38          59  0.000000000000000E+000
          39           9  0.000000000000000E+000
          39          12  0.000000000000000E+000
          39          17  0.000000000000000E+000
          39          22  0.000000000000000E+000
          39          26  0.000000000000000E+000
          39          30  0.000000000000000E+000
          39          39  0.000000000000000E+000
          39          42  0.000000000000000E+000
          39          47  0.000000000000000E+000
          39          52  0.000000000000000E+000
          39          56  0.000000000000000E+000
          39          60  0.000000000000000E+000
          40          13  0.000000000000000E+000
          40          14  0.000000000000000E+000
          40          19  0.000000000000000E+000
          40          24  0.000000000000000E+000
          40          40  0.000000000000000E+000
          40          43  0.000000000000000E+000
          40          44  0.000000000000000E+000
          40          49  0.000000000000000E+000
          40          54  0.000000000000000E+000
          41          18  0.000000000000000E+000
          41          23  0.000000000000000E+000
          41          25  0.000000000000000E+000
          41          29  0.000000000000000E+000
          41          41  0.000000000000000E+000
          41          48  0.000000000000000E+000
          41          53  0.000000000000000E+000
          41          55  0.000000000000000E+000
          41          59  0.000000000000000E+000
          42          12  0.000000000000000E+000
          42          17  0.000000000000000E+000
          42          22  0.000000000000000E+000
          42          26  0.000000000000000E+000
          42          30  0.000000000000000E+000
          42          42  0.000000000000000E+000
          42          47  0.000000000000000E+000
          42          52  0.000000000000000E+000
          42          56  0.000000000000000E+000
          42          60  0.000000000000000E+000
          43          14  0.000000000000000E+000
          43          19  0.000000000000000E+000
          43          24  0.000000000000000E+000
          43          43  0.000000000000000E+000
          43          44  0.000000000000000E+000
          43          49  0.000000000000000E+000
          43          54  0.000000000000000E+000
          44          19  0.000000000000000E+000
          44          24  0.000000000000000E+000
          44          44  0.000000000000000E+000
          44          49  0.000000000000000E+000
          44          54  0.000000000000000E+000
          45          20  0.000000000000000E+000
          45          27  0.000000000000000E+000
          45          45  0.000000000000000E+000
          45          50  0.000000000000000E+000
          45          57  0.000000000000000E+000
          46          21  0.000000000000000E+000
          46          28  0.000000000000000E+000
          46          46  0.000000000000000E+000
          46          51  0.000000000000000E+000
          46          58  0.000000000000000E+000
          47          22  0.000000000000000E+000
          47          26  0.000000000000000E+000
          47          30  0.000000000000000E+000
          47          47  0.000000000000000E+000
          47          52  0.000000000000000E+000
          47          56  0.000000000000000E+000
          47          60  0.000000000000000E+000
          48          18  0.000000000000000E+000
          48          23  0.000000000000000E+000
          48          25  0.000000000000000E+000
          48          29  0.000000000000000E+000
          48          48  0.000000000000000E+000
          48          53  0.000000000000000E+000
          48          55  0.000000000000000E+000
          48          59  0.000000000000000E+000
          49          24  0.000000000000000E+000
          49          49  0.000000000000000E+000
          49          54  0.000000000000000E+000
          50          27  0.000000000000000E+000
          50          50  0.000000000000000E+000
          50          57  0.000000000000000E+000
          51          28  0.000000000000000E+000
          51          51  0.000000000000000E+000
          51          58  0.000000000000000E+000
          52          26  0.000000000000000E+000
          52          30  0.000000000000000E+000
          52          52  0.000000000000000E+000
          52          56  0.000000000000000E+000
          52          60  0.000000000000000E+000
          53          23  0.000000000000000E+000
          53          25  0.000000000000000E+000
          53          29  0.000000000000000E+000
          53          53  0.000000000000000E+000
          53          55  0.000000000000000E+000
          53          59  0.000000000000000E+000
          54          54  0.000000000000000E+000
          55          29  0.000000000000000E+000
          55          55  0.000000000000000E+000
          55          59  0.000000000000000E+000
          56          26  0.000000000000000E+000
          56          30  0.000000000000000E+000
          56          56  0.000000000000000E+000
          56          60  0.000000000000000E+000
          57          57  0.000000000000000E+000
          58          58  0.000000000000000E+000
          59          59  0.000000000000000E+000
          60          30  0.000000000000000E+000
          60          60  0.000000000000000E+000
          61          61   1.00000000000000     
 #   Grouped par.  in the chosen ordered basis
           2           1           1          31          31
           2           1           2          31          32
           2           1           3          31          33
           2           1           4          31          34
           2           1           7         -31          37
           2           1          10         -31          40
           2           1          13         -31          43
           2           1          14          31          44
           2           1          19          31          49
           2           1          24         -31          54
           1           1          31
           2           1          32          31           2
           2           1          33          31           3
           2           1          34          31           4
           2           1          37         -31           7
           2           1          40         -31          10
           2           1          43         -31          13
           2           1          44          31          14
           2           1          49          31          19
           2           1          54         -31          24
           2           2           2          32          32
           2           2           3          32          33
           2           2           4          32          34
           2           2           7         -32          37
           2           2          10         -32          40
           2           2          13         -32          43
           2           2          14          32          44
           2           2          19          32          49
           2           2          24         -32          54
           1           2          32
           2           2          33          32           3
           2           2          34          32           4
           2           2          37         -32           7
           2           2          40         -32          10
           2           2          43         -32          13
           2           2          44          32          14
           2           2          49          32          19
           2           2          54         -32          24
           2           3           3          33          33
           2           3           4          33          34
           2           3           7         -33          37
           2           3          10         -33          40
           2           3          13         -33          43
           2           3          14          33          44
           2           3          19          33          49
           2           3          24         -33          54
           1           3          33
           2           3          34          33           4
           2           3          37         -33           7
           2           3          40         -33          10
           2           3          43         -33          13
           2           3          44          33          14
           2           3          49          33          19
           2           3          54         -33          24
           2           4           4          34          34
           2           4           7         -34          37
           2           4          10         -34          40
           2           4          13         -34          43
           2           4          14          34          44
           2           4          19          34          49
           2           4          24         -34          54
           1           4          34
           2           4          37         -34           7
           2           4          40         -34          10
           2           4          43         -34          13
           2           4          44          34          14
           2           4          49          34          19
           2           4          54         -34          24
           4           5           5           6           6          35
          35          36          36
           4           5           8           6           9          35
          38          36          39
           4           5          11           6          12          35
          41          36          42
           4           5          18           6          17         -35
          48         -36          47
           4           5          23           6          22         -35
          53         -36          52
           4           5          25           6          26          35
          55          36          56
           4           5          29          -6          30          35
          59         -36          60
           2           5          35          36           6
           4           5          38           6          39          35
           8          36           9
           4           5          41           6          42          35
          11          36          12
           4           5          48           6          47         -35
          18         -36          17
           4           5          53           6          52         -35
          23         -36          22
           4           5          55           6          56          35
          25          36          26
           4           5          59          -6          60          35
          29         -36          30
           2           7           7          37          37
           2           7          10          37          40
           2           7          13          37          43
           2           7          14         -37          44
           2           7          19         -37          49
           2           7          24          37          54
           1           7          37
           2           7          40          37          10
           2           7          43          37          13
           2           7          44         -37          14
           2           7          49         -37          19
           2           7          54          37          24
           4           8           8           9           9          38
          38          39          39
           4           8          11           9          12          38
          41          39          42
           4           8          18           9          17         -38
          48         -39          47
           4           8          23           9          22         -38
          53         -39          52
           4           8          25           9          26          38
          55          39          56
           4           8          29          -9          30          38
          59         -39          60
           2           8          38          39           9
           4           8          41           9          42          38
          11          39          12
           4           8          48           9          47         -38
          18         -39          17
           4           8          53           9          52         -38
          23         -39          22
           4           8          55           9          56          38
          25          39          26
           4           8          59          -9          60          38
          29         -39          30
           2          10          10          40          40
           2          10          13          40          43
           2          10          14         -40          44
           2          10          19         -40          49
           2          10          24          40          54
           1          10          40
           2          10          43          40          13
           2          10          44         -40          14
           2          10          49         -40          19
           2          10          54          40          24
           4          11          11          12          12          41
          41          42          42
           4          11          18          12          17         -41
          48         -42          47
           4          11          23          12          22         -41
          53         -42          52
           4          11          25          12          26          41
          55          42          56
           4          11          29         -12          30          41
          59         -42          60
           2          11          41          42          12
           4          11          48          12          47         -41
          18         -42          17
           4          11          53          12          52         -41
          23         -42          22
           4          11          55          12          56          41
          25          42          26
           4          11          59         -12          60          41
          29         -42          30
           2          13          13          43          43
           2          13          14         -43          44
           2          13          19         -43          49
           2          13          24          43          54
           1          13          43
           2          13          44         -43          14
           2          13          49         -43          19
           2          13          54          43          24
           2          14          14          44          44
           2          14          19          44          49
           2          14          24         -44          54
           1          14          44
           2          14          49          44          19
           2          14          54         -44          24
           2          15          15          45          45
           2          15          20          45          50
           2          15          27         -45          57
           1          15          45
           2          15          50          45          20
           2          15          57         -45          27
           2          16          16          46          46
           2          16          21          46          51
           2          16          28         -46          58
           1          16          46
           2          16          51          46          21
           2          16          58         -46          28
           4          17          17          18          18          47
          47          48          48
           4          17          22          18          23          47
          52          48          53
           4          17          26          18          25         -47
          56         -48          55
           4          17          30         -18          29         -47
          60          48          59
           2          17          47          48          18
           4          17          52          18          53          47
          22          48          23
           4          17          56          18          55         -47
          26         -48          25
           4          17          60         -18          59         -47
          30          48          29
           2          19          19          49          49
           2          19          24         -49          54
           1          19          49
           2          19          54         -49          24
           2          20          20          50          50
           2          20          27         -50          57
           1          20          50
           2          20          57         -50          27
           2          21          21          51          51
           2          21          28         -51          58
           1          21          51
           2          21          58         -51          28
           4          22          22          23          23          52
          52          53          53
           4          22          26          23          25         -52
          56         -53          55
           4          22          30         -23          29         -52
          60          53          59
           2          22          52          53          23
           4          22          56          23          55         -52
          26         -53          25
           4          22          60         -23          59         -52
          30          53          29
           2          24          24          54          54
           1          24          54
           4          25          25          26          26          55
          55          56          56
           4          25          29         -26          30          55
          59         -56          60
           2          25          55          56          26
           4          25          59         -26          60          55
          29         -56          30
           2          27          27          57          57
           1          27          57
           2          28          28          58          58
           1          28          58
           4          29          29          30          30          59
          59          60          60
           2          29          59          60          30
          -1          61          61
  #          Nonzero values of  jasmat 
           1           1 -1.703116298321200E-002
           1           2  4.207521760570750E-002
           1           3  7.911116917916290E-002
           1           4 -0.393645226800085     
           1           7  2.779009857489490E-003
           1          10 -1.731451107945130E-002
           1          13  6.085649217318590E-002
           1          14  3.995712380830480E-003
           1          19 -4.531253609373910E-003
           1          24  1.260414277892040E-003
           1          61  2.514595976209720E-003
           2           2 -0.214334462994511     
           2           3 -0.357252179384532     
           2           4   2.11861109448770     
           2           7 -6.023964158765660E-003
           2          10  0.226231728141968     
           2          13 -0.501972421772954     
           2          14 -6.076223252758820E-003
           2          19  3.392269278451010E-002
           2          24 -2.703314868485100E-003
           2          61 -0.158320419835174     
           3           3  -1.17318022298874     
           3           4   4.46360970097162     
           3           7  5.662424184684200E-003
           3          10  8.467898063627920E-002
           3          13 -0.737953294127483     
           3          14 -4.937623965214510E-003
           3          19  1.155387539594950E-002
           3          24  4.921049127844980E-003
           3          61 -0.624504324919954     
           4           4  -69.0637423147065     
           4           7 -2.153444033833960E-002
           4          10  -1.25177486688318     
           4          13   7.24602721479115     
           4          14  1.497327544292720E-002
           4          19  0.422331014515297     
           4          24  5.011169432028240E-002
           4          61  -1.65907949858764     
           5           5 -4.190948254461320E-003
           5           8  2.635446796217250E-002
           5          11 -1.799930738033430E-003
           5          18  3.730732901945850E-004
           5          23  1.948568336947370E-003
           5          25  1.242297926130600E-003
           5          29 -8.470238690081660E-005
           6           6 -4.190948254461320E-003
           6           9  2.635446796217250E-002
           6          12 -1.799930738033430E-003
           6          17  3.730732901945850E-004
           6          22  1.948568336947370E-003
           6          26  1.242297926130600E-003
           6          30  8.470238690081660E-005
           7           7 -2.271598881136320E-003
           7          10  1.038600474211910E-002
           7          13  3.828859807004430E-002
           7          14  3.732320023058450E-003
           7          19  7.810712885430850E-004
           7          24  2.767521866614850E-003
           7          61  1.266475699189480E-003
           8           8 -0.201162264624076     
           8          11  0.330626776433493     
           8          18  1.052906880746900E-002
           8          23 -3.270564361655730E-002
           8          25  1.107329365110320E-003
           8          29 -3.370471530569150E-004
           9           9 -0.201162264624076     
           9          12  0.330626776433493     
           9          17  1.052906880746900E-002
           9          22 -3.270564361655730E-002
           9          26  1.107329365110320E-003
           9          30  3.370471530569150E-004
          10          10 -0.141843516338148     
          10          13  0.239267363680201     
          10          14  2.460295516669440E-006
          10          19 -5.190152992489380E-002
          10          24 -5.447064300427130E-003
          10          61  6.662093322056060E-002
          11          11 -0.404385875650460     
          11          18 -2.182134581891250E-002
          11          23  6.395222906417181E-002
          11          25  4.652331366629220E-004
          11          29 -8.506994758085740E-004
          12          12 -0.404385875650460     
          12          17 -2.182134581891250E-002
          12          22  6.395222906417181E-002
          12          26  4.652331366629220E-004
          12          30  8.506994758085740E-004
          13          13  -1.10921724379716     
          13          14 -2.042400271958880E-002
          13          19  2.385861575793410E-002
          13          24 -5.596477690228560E-004
          13          61 -0.346829518853138     
          14          14 -4.883193271042470E-003
          14          19  1.791110935756050E-002
          14          24 -1.095246677743610E-003
          14          61  2.822573910135050E-003
          15          15 -3.275593548135460E-004
          15          20  3.443580337614630E-003
          15          27  1.791007422511840E-004
          16          16 -4.057846517261980E-004
          16          21  4.339723664014420E-003
          16          28 -6.179199961705950E-004
          17          17 -4.213749438054430E-003
          17          22  1.417444663497530E-002
          17          26  1.304518505390590E-004
          17          30 -3.041612326813350E-006
          18          18 -4.213749438054430E-003
          18          23  1.417444663497530E-002
          18          25  1.304518505390590E-004
          18          29  3.041612326813350E-006
          19          19 -7.677921835853441E-002
          19          24 -3.077549750217340E-003
          19          61 -5.267143594217790E-002
          20          20  3.182069731450080E-002
          20          27  8.090831594164630E-004
          21          21  3.314286307130260E-002
          21          28 -1.017802361609670E-005
          22          22 -2.725221279556840E-002
          22          26 -3.219097086712510E-003
          22          30  8.578245199933379E-005
          23          23 -2.725221279556840E-002
          23          25 -3.219097086712510E-003
          23          29 -8.578245199933379E-005
          24          24 -1.475756858640200E-003
          24          61 -8.127106545508489E-003
          25          25  2.071454189196020E-003
          25          29 -8.919588056120630E-005
          26          26  2.071454189196020E-003
          26          30  8.919588056120630E-005
          27          27  1.588868333099680E-003
          28          28  1.346668991501120E-003
          29          29  5.988949477427860E-003
          30          30  5.988949477427860E-003
          31          31 -1.703116298321200E-002
          31          32  4.207521760570750E-002
          31          33  7.911116917916290E-002
          31          34 -0.393645226800085     
          31          37 -2.779009857489490E-003
          31          40  1.731451107945130E-002
          31          43 -6.085649217318590E-002
          31          44  3.995712380830480E-003
          31          49 -4.531253609373910E-003
          31          54 -1.260414277892040E-003
          31          61  2.514595976209720E-003
          32          32 -0.214334462994511     
          32          33 -0.357252179384532     
          32          34   2.11861109448770     
          32          37  6.023964158765660E-003
          32          40 -0.226231728141968     
          32          43  0.501972421772954     
          32          44 -6.076223252758820E-003
          32          49  3.392269278451010E-002
          32          54  2.703314868485100E-003
          32          61 -0.158320419835174     
          33          33  -1.17318022298874     
          33          34   4.46360970097162     
          33          37 -5.662424184684200E-003
          33          40 -8.467898063627920E-002
          33          43  0.737953294127483     
          33          44 -4.937623965214510E-003
          33          49  1.155387539594950E-002
          33          54 -4.921049127844980E-003
          33          61 -0.624504324919954     
          34          34  -69.0637423147065     
          34          37  2.153444033833960E-002
          34          40   1.25177486688318     
          34          43  -7.24602721479115     
          34          44  1.497327544292720E-002
          34          49  0.422331014515297     
          34          54 -5.011169432028240E-002
          34          61  -1.65907949858764     
          35          35 -4.190948254461320E-003
          35          38  2.635446796217250E-002
          35          41 -1.799930738033430E-003
          35          48 -3.730732901945850E-004
          35          53 -1.948568336947370E-003
          35          55  1.242297926130600E-003
          35          59 -8.470238690081660E-005
          36          36 -4.190948254461320E-003
          36          39  2.635446796217250E-002
          36          42 -1.799930738033430E-003
          36          47 -3.730732901945850E-004
          36          52 -1.948568336947370E-003
          36          56  1.242297926130600E-003
          36          60  8.470238690081660E-005
          37          37 -2.271598881136320E-003
          37          40  1.038600474211910E-002
          37          43  3.828859807004430E-002
          37          44 -3.732320023058450E-003
          37          49 -7.810712885430850E-004
          37          54  2.767521866614850E-003
          37          61 -1.266475699189480E-003
          38          38 -0.201162264624076     
          38          41  0.330626776433493     
          38          48 -1.052906880746900E-002
          38          53  3.270564361655730E-002
          38          55  1.107329365110320E-003
          38          59 -3.370471530569150E-004
          39          39 -0.201162264624076     
          39          42  0.330626776433493     
          39          47 -1.052906880746900E-002
          39          52  3.270564361655730E-002
          39          56  1.107329365110320E-003
          39          60  3.370471530569150E-004
          40          40 -0.141843516338148     
          40          43  0.239267363680201     
          40          44 -2.460295516669440E-006
          40          49  5.190152992489380E-002
          40          54 -5.447064300427130E-003
          40          61 -6.662093322056060E-002
          41          41 -0.404385875650460     
          41          48  2.182134581891250E-002
          41          53 -6.395222906417181E-002
          41          55  4.652331366629220E-004
          41          59 -8.506994758085740E-004
          42          42 -0.404385875650460     
          42          47  2.182134581891250E-002
          42          52 -6.395222906417181E-002
          42          56  4.652331366629220E-004
          42          60  8.506994758085740E-004
          43          43  -1.10921724379716     
          43          44  2.042400271958880E-002
          43          49 -2.385861575793410E-002
          43          54 -5.596477690228560E-004
          43          61  0.346829518853138     
          44          44 -4.883193271042470E-003
          44          49  1.791110935756050E-002
          44          54  1.095246677743610E-003
          44          61  2.822573910135050E-003
          45          45 -3.275593548135460E-004
          45          50  3.443580337614630E-003
          45          57 -1.791007422511840E-004
          46          46 -4.057846517261980E-004
          46          51  4.339723664014420E-003
          46          58  6.179199961705950E-004
          47          47 -4.213749438054430E-003
          47          52  1.417444663497530E-002
          47          56 -1.304518505390590E-004
          47          60  3.041612326813350E-006
          48          48 -4.213749438054430E-003
          48          53  1.417444663497530E-002
          48          55 -1.304518505390590E-004
          48          59 -3.041612326813350E-006
          49          49 -7.677921835853441E-002
          49          54  3.077549750217340E-003
          49          61 -5.267143594217790E-002
          50          50  3.182069731450080E-002
          50          57 -8.090831594164630E-004
          51          51  3.314286307130260E-002
          51          58  1.017802361609670E-005
          52          52 -2.725221279556840E-002
          52          56  3.219097086712510E-003
          52          60 -8.578245199933379E-005
          53          53 -2.725221279556840E-002
          53          55  3.219097086712510E-003
          53          59  8.578245199933379E-005
          54          54 -1.475756858640200E-003
          54          61  8.127106545508489E-003
          55          55  2.071454189196020E-003
          55          59 -8.919588056120630E-005
          56          56  2.071454189196020E-003
          56          60  8.919588056120630E-005
          57          57  1.588868333099680E-003
          58          58  1.346668991501120E-003
          59          59  5.988949477427860E-003
          60          60  5.988949477427860E-003
          61          61  0.000000000000000E+000
 # Eq. par. in the 3-body Jastrow in the chosen basis 
           2           1           1          31          31
           2           1           2          31          32
           2           1           3          31          33
           2           1           4          31          34
           2           1           7         -31          37
           2           1          10         -31          40
           2           1          13         -31          43
           2           1          14          31          44
           2           1          19          31          49
           2           1          24         -31          54
           2           1          61          31          61
           2           2           2          32          32
           2           2           3          32          33
           2           2           4          32          34
           2           2           7         -32          37
           2           2          10         -32          40
           2           2          13         -32          43
           2           2          14          32          44
           2           2          19          32          49
           2           2          24         -32          54
           2           2          61          32          61
           2           3           3          33          33
           2           3           4          33          34
           2           3           7         -33          37
           2           3          10         -33          40
           2           3          13         -33          43
           2           3          14          33          44
           2           3          19          33          49
           2           3          24         -33          54
           2           3          61          33          61
           2           4           4          34          34
           2           4           7         -34          37
           2           4          10         -34          40
           2           4          13         -34          43
           2           4          14          34          44
           2           4          19          34          49
           2           4          24         -34          54
           2           4          61          34          61
           4           5           5           6           6          35
          35          36          36
           4           5           8           6           9          35
          38          36          39
           4           5          11           6          12          35
          41          36          42
           4           5          18           6          17         -35
          48         -36          47
           4           5          23           6          22         -35
          53         -36          52
           4           5          25           6          26          35
          55          36          56
           4           5          29          -6          30          35
          59         -36          60
           2           7           7          37          37
           2           7          10          37          40
           2           7          13          37          43
           2           7          14         -37          44
           2           7          19         -37          49
           2           7          24          37          54
           2           7          61         -37          61
           4           8           8           9           9          38
          38          39          39
           4           8          11           9          12          38
          41          39          42
           4           8          18           9          17         -38
          48         -39          47
           4           8          23           9          22         -38
          53         -39          52
           4           8          25           9          26          38
          55          39          56
           4           8          29          -9          30          38
          59         -39          60
           2          10          10          40          40
           2          10          13          40          43
           2          10          14         -40          44
           2          10          19         -40          49
           2          10          24          40          54
           2          10          61         -40          61
           4          11          11          12          12          41
          41          42          42
           4          11          18          12          17         -41
          48         -42          47
           4          11          23          12          22         -41
          53         -42          52
           4          11          25          12          26          41
          55          42          56
           4          11          29         -12          30          41
          59         -42          60
           2          13          13          43          43
           2          13          14         -43          44
           2          13          19         -43          49
           2          13          24          43          54
           2          13          61         -43          61
           2          14          14          44          44
           2          14          19          44          49
           2          14          24         -44          54
           2          14          61          44          61
           2          15          15          45          45
           2          15          20          45          50
           2          15          27         -45          57
           2          16          16          46          46
           2          16          21          46          51
           2          16          28         -46          58
           4          17          17          18          18          47
          47          48          48
           4          17          22          18          23          47
          52          48          53
           4          17          26          18          25         -47
          56         -48          55
           4          17          30         -18          29         -47
          60          48          59
           2          19          19          49          49
           2          19          24         -49          54
           2          19          61          49          61
           2          20          20          50          50
           2          20          27         -50          57
           2          21          21          51          51
           2          21          28         -51          58
           4          22          22          23          23          52
          52          53          53
           4          22          26          23          25         -52
          56         -53          55
           4          22          30         -23          29         -52
          60          53          59
           2          24          24          54          54
           2          24          61         -54          61
           4          25          25          26          26          55
          55          56          56
           4          25          29         -26          30          55
          59         -56          60
           2          27          27          57          57
           2          28          28          58          58
           4          29          29          30          30          59
          59          60          60
           1          61          61
 # Eq. par. in the atomic Det par.in the chosen basis 
           2           1          11
           2           2          12
           2           3          13
           2           4          14
           2           5          15
           2           6          16
           2           7          17
           2           8          18
           2           9          19
           2          10          20
 # Eq. par. in the atomic 3-body  par. in the chosen basis 
           2           1          11
           2           2          12
           2           3          13
           2           4          14
           2           5          15
           2           6          16
           2           7          17
           2           8          18
           2           9          19
           2          10          20
